5.348947309575453612e-01
1.569730332097445169e+00
-1.162840058667193421e+00
-1.621182539620908969e-01
-5.272814283322263540e-01
-6.728312458888011660e-01
1.446655013114178656e-01
-5.325450343939713838e-01
-2.408898120071507182e-04
-9.163115280000674323e-01
-1.248328046056275814e-01
-1.094100860604899417e+00
1.922859485234676535e+00
2.272867618233640474e-01
4.481031091958391221e-01
-1.483204645343438044e-01
-3.012951008594551006e-01
1.276253891028013454e+00
9.631322671845526928e-01
-7.501394408033211503e-02
-1.252365391982391163e+00
2.038424199782700175e+00
1.494871152331745057e+00
-8.539567737807537418e-01
6.307706463863688162e-01
9.038398423955882333e-01
8.200252858618455321e-01
-5.678353620672311752e-01
3.775184370721235694e-01
-6.609618527950552602e-01
-9.350103060159846713e-01
-6.224538259741507762e-02
1.839245986057317650e-01
-4.160359789054869917e-01
-1.211044030732656845e-01
1.354304952159268938e+00
-4.684896787662364281e-01
1.430913992928855016e+00
-6.239690440595025978e-01
-3.021048066038135027e-01
-1.035763905818159802e+00
-1.465616242620123799e+00
5.691049986955323270e-01
4.821874114671218514e-01
-1.030559859438762160e+00
6.334509925867313207e-01
-1.461940431732351442e+00
-8.407790278601927625e-01
-2.002155675275673286e+00
-9.149846347023037341e-01
2.054965334467736771e+00
-1.035223854219498030e+00
8.570694340150899482e-01
-1.866476260341073612e+00
-2.248281004966704300e-01
-1.253537769439886596e+00
-1.029431918867958151e+00
1.084431907800118999e+00
-1.305203222194159851e+00
1.015023516397740133e+00
-5.230836024058981293e-01
-1.212888769312282289e+00
1.160732920459928819e+00
-1.521836318780104946e+00
-1.120284413270429713e+00
-1.020485426443995092e+00
4.493294734563054171e-01
-4.073588600058763998e-01
1.607652420967173645e+00
-4.146139090611715705e-01
-8.654799939901687278e-01
-1.157659412008577027e+00
-7.866972730861911955e-01
-1.998374325111542893e+00
6.577762557324223769e-01
1.407079029975025986e+00
-3.663603025806322910e-01
3.388978776590473863e-01
-5.503855357298167439e-01
-4.169932439934345147e-01
4.141632072742483239e-01
-2.400321948351488988e-01
-1.382572975892945477e+00
-6.060169705208621194e-01
-5.091618690892556892e-02
-3.592438516932551784e-01
9.498999448778523425e-01
1.529098921713196307e-02
1.139960669167660035e+00
6.730806670031249661e-01
2.888494432840336135e-01
1.209758029729315620e-01
-1.769451261276235865e+00
7.554318844649335896e-01
8.312025823123905255e-01
-9.908922708448258954e-01
-2.139354562194372367e+00
-1.581585296995505763e-01
-1.071324973084392396e-01
-1.020069624502701222e+00
5.0000000000000000000e+02
